855580 99999 PUNTA ANGELES                  2013  233  214  244  233  244  232  243  239  234  235  229  234
855580 99999 PUNTA ANGELES                  2014  239  220  241  225  231  226  219  228  216  232  233  233
855610 99999 VINA DEL MAR                   2014    0    0    0    0    0    1    0    1    0    0    0    0
855770 99999 QUINTA NORMAL                  2013  245  221  244  234  245  232  241  234  230  245  219  245
855770 99999 QUINTA NORMAL                  2014  247  222  247  240  245  232  235  236  232  241  237  234
855860 99999 SANTO DOMINGO                  2013  151  133  147  147  148  143  153  149  149  154  147  148
855860 99999 SANTO DOMINGO                  2014  150  138  152  144  147  149  143  152  148  149  147  150
859212 99999 VINA DEL MAR                   2014    0    0    0    0    0    1    0    1    6    0    0    0


Total Surface Hourly Observations Available: 14788
Total Station-Years: 8
